$ANSIBLE_VAULT;1.1;AES256
63323631363335393262636634336265653962646335346665666630356561613736346634636164
3939353533623932323132643032356430363535343933640a313237313236356663656366366430
65366437353934356163643263343930623565333234333965346431653362383737396462663537
3663363734333533360a386237623965386466656666303763386438383433303133316439383363
39616634303863363561613365343731633265353639356261613634633761336461333636633064
37313730343938613539313030623136343335366332363665383061373762323563336336326663
63303162613431343734613361383438333636623961656465313765383434333532333034623735
30616564646137323662336466623931346266633261393434646532383764643161376363303338
33386362353939653533333962393933386536326330373132393537643661383333353931376464
66343833393239663737313864346164613464386232616330353634656431313331393136636238
66363234613433623932396465303262666461363637353933323436626436356632383931363964
30336238616361623631373962343337373266313664633530636261373366626362656439323761
62316334343464306330393962383631643639346334353663353663373132346162363331343038
63306632373263656466313430386265353734326533636463656436633138306666393137656534
64363038336364636135363965346162653533666638386337626366613064616336313631623034
36636639333038613061643133653838386234373535393930333266316433663331616361326164
65613539316534623935363562303934383636613136636139353733396237613662336664316431
38616530346261613864316230303834653962353839386335666237323166316235646235313434
66336134616231633433396162383462353961303536306539343464376465616261613635323436
62393966343735393136386231336163383231366261326232313863316339383230656530613132
31613431623638636665333832303133653165346463613139373232386464356636303839333162
37346633353035386639623465626139313064373631616136376537393135366166303638373931
34623339653366653431653462316334333836343864353266636437353033393730653032633332
34623833336366643033303166323634366538666332366661396339303339383434656137636431
33633934376566663961653632623965653438373263353231303965343634616163363139376263
63343566383334323538376334643662653938643561363833663930666334386664323239386364
38353335313838653661636537393366653834323535396463306566386231663536386634363363
39623333333038663664313337353436646533333831356638303838343566653930353231326532
39643666626234623261356337336236396365663261313736656334363533383532646237333531
63303664643238396438316161383265393735383635313836616464323334626165656531373133
61386662626238616361356239626532616636356561353139323962396436303434356363326530
30383932336532323562383361636535336163383637303032353038656336306131363635383262
62656630626561343236636636393233303032353337346563626331383830666136633334353538
33386130626565623034343761613437373339393931323363333161386139373966326237366133
65326162303939636235643436393038306161653761333631313239653239643832623734363165
39323163666661626662656539613238663833373935353065376232633134366664393561326563
64343836306334666664353135323932316263363530653932393766636265663433653063653639
38326330383462323839613932353138383330346433316337646230373566316133336537663765
62353434343132336465666239653665666166316661336231626262616438373733343234626530
64633765633762386664633139336661646334393136643335393566646463376563323735356332
61366566383339663064316263616539313236373832343635353538656130633239643166393935
62346631666165323233636538333233623038363035613037333433323736393632343937346233
62643436616530383762363632333235663436396231396531663039323032623466663162316431
35383361383337323264613230613365653734323863316233363866323133306335633663353839
37393133633963333666643430306666376531623263316231636337663336653563613564356237
38333537356130386361343361653264653436353337623032323662316134373038306262353033
61643765386533646337313034613330386331376335303661643030323135323736643833343962
30613635313763626166633064326430373366346231313832643630623861383461306133326535
34386439333062333462336335316563613464633338363432613136633034333532356532643137
34383636356634613731323839356234643839643466303830666365366565373233333431383739
35336363393766373730346632666161643430346365363238306236363564333032643035363037
63626438613737393662376338613232623961353233636537353134356139366638653738373961
64653932653835306235366264326661366637633539643937343236393835333964326339663662
63376663623865393837343931613864656537323030383564653363313166633465363738306461
63613136306163316639626436393262313863366533643261316165383233383662376531343735
32386639633939316361613534323866323331623536663861646637313437383939643239316134
33313737663964663334646666653161326263626262373765353264343763653739303534353764
39613734346332356366393566626265363662306432643465313138323833396438636236313162
34343834303831363136653063336235386662353533646332663763303363333137666531616365
61666435363336363435633038656461353065393264393939663363666663333037323366663835
63336437613239306530626565386334333339313762323161393038383939373534353535306231
34626266633036663965623136636165356130306563666366326266366630363735366237386264
32356637353666396165373038346130626462643237336462373035613533353332306664613930
39326233666136343466376464306638623765373138646563646430346466393464363631316530
39383935663437646463303831383564323061646462656363663336373061326539633237636437
31336365393635303363363339363132303839383766646433363039373566326333633461326639
62626463366363623961333361636432363933383464343433303630363864663734303961323961
35633333346236616631333164653534356135373266313139656361656165663164323337643634
62313766396234663336323831643132333438363532303034616562616165333066353830303035
39323130353037363835383461393930323862353530646165386165653131376563326464336236
36653732363263373839383632633230323736386234366637316662646234333330386236636166
32626134666534636331303064323861623033343762636261613666383064636136316162376633
36303938353639373633663431623866376566646434313035333066323035396262623962306530
35313865616165346333343563363262383865393239363732623236303631306236663930376162
32306162643866356534383536386530326362313664356533396432373938643764386436343630
30396664303931313936393365613233616430316633643437643033356339656639313034366439
39363430366333343864343135656632626162633161633564346166303264623165636230626434
37363737353166323533303236326438353737653031366561626134323161393963663237666139
61623065326534663339636134336437393631666637613766396139656562613965336661306639
63623564383161306637653532663834616563653637356331346333396366346638396165623831
66336139396536316434623033633165366438303234623535316332303637306233383764643262
66336138633639333164636433643163326263666331353235356230323864363938333737396335
36323933633633636331333665346537333639386435653666656239333337386236383231653834
66653732323033336365363433363264383661336138376163373562306634386632383463383734
64306436323534303338343064316339333962353966666536393231633262666130396430313432
30393339653932363865656239646563393939356333636164383436383135343932313963383037
33323262346564336233616666383761613964623266356437303935343234646263323939353930
63646466323539323464306263313038666561643462383366393563303932306531343665316463
37383736626438363935626338383061333639643333616637653037393136663765313666656462
33303833666663303534633265666237313266306636643063343739306161323661393264343966
37303638653861353865633436653561363764653439626662316131326438666235333135386266
36333732653830346665313130663838613463653363613161376333383463393366616636303530
37316161643034346630336261663330373638326364623862363531366239653639666163363862
30316332383734313430616337396333663365643963343433613535333461323631343030626364
32643934323036653862303262656263306262663763623234653530633832396564336230663063
38356262363261636330666331383466313932613139373631333737396433643533616535623135
37386335356132623439373333356234363461323931633435616137373864336139383362306561
33363862653335303634623731393565623261636235363661666163653236323334353034643865
66626337333631323062643731643730663464313262666232616537313736613062313536313561
39393033323363643233306333323734633935393462643434646239386561323461323361313932
38663430393433326661303961666166613135353430646136303064656436663465663235316131
31633564356237616336303963653962336334666134653233323465663630313264613063393162
36643038396338326331313833633564346633633264313566383665386132376334623165643362
62303238656331353638303133386632353962363831653432623130323564343235316661393139
35386134393938623337643432663962316435313562653865616431366336326163373731383136
63616365616462666336326133393463386138656634303763613365316535386635353064336465
30663464626261373265396237326563336662343463336136303035353431643231383163643365
61396435333633613463363533626162643537373163616464363063663962366432653238383262
62633765663236366661366437353363376433633035303566386631623966363163373031343738
32393037343434323961326337626431623730363163323032613638623330343137386465663166
65373733316662633861383638363463643730393633646634326330653362313436303531336636
34363866303635353135383665643832303638326135646638313737653739366535336431646663
64396666383731396666396366303638383834616636376535616134393535326662363565323034
63353535356664383665616137363530363561366237353835613730396134633062383563303434
32383034333232623632376539316630336566326665343864356331303264373739333735336363
32663065353563613832363838663437376433663165663264303534313866393466656461383466
3735
