$ANSIBLE_VAULT;1.1;AES256
65366332633533646334616535386531323837313063376639306162383363333963363235613862
6466663336353037333665643033613932663438636264660a656231353937653161323431356536
66616138643163396536666639383431386565346237386465326262653963323562336537393334
6661326566623366380a363130396130353163636535333539326537653930343632363434383930
64323238323439356363336135313363646364636537386639373537343534623531653865303061
32373731666565396261393165323432313934396439313763653733623363653835303565393833
35613066633235343062636430343135623863613561326238333834343631643734386431626237
35356438323962393162333462646332323461323632646262353631653834393939383761356437
35626134623439643538396630333539353035353065383266666362313066373638316235303766
65613438303835613030393861383766353137306236333633323665656165303136653966333737
323039336135626562333531633961303136
